0	0.0	0.0	0.0
0.005787	11.278041492561814	0.16097736780059888	0.028545104588692194
0.008193	11.321674361072784	0.16115529804331977	-0.02038936042049448
0.00961	11.299901310991306	0.16253334324074353	-0.10602467418657148
0.011	11.278353015809294	0.16594445642644767	-0.2079714762890439
0.01236	11.278353015809294	0.16594445642644767	-0.30584040630741766
0.013654	11.257910530935497	0.1735647930726358	-0.4077872084098902
0.015084	11.277510587335156	0.16398343056269601	-0.5015782663441648
0.016241	11.25894054536641	0.17543411873833759	-0.6035250684466374
0.017417	11.25894054536641	0.17543411873833725	-0.7013939984650112
0.01893	11.25894054536641	0.175434118738338	-0.7992629284833848
0.020228	11.273335270058936	0.15904032053770273	-0.9012097305858573
0.021616	11.260683685672808	0.17681395637670214	-1.0031565326883298
0.022947	11.271460753775818	0.15784504703747476	-1.1051033347908024
0.024224	11.271460753775818	0.15784504703747526	-1.1948165206409782
0.025527	11.264578749900645	0.17854777007283545	-1.3049190669116486
0.02685	11.264578749900645	0.1785477700728349	-1.4027879969300223
0.028244	11.264578749900645	0.17854777007283573	-1.5006569269483958
0.029559	11.264578749900645	0.17854777007283545	-1.5985258569667695
0.03105	11.244227842198388	-0.38831904868215755	-1.6148373453031653
0.032351	11.217612815255002	-1.3478811025356832	-1.582214368630374
0.033673	11.231277507953978	-2.394989495876885	-1.5332799036211873
0.034995	11.293442269464919	-3.3966265991214146	-1.4843454386120003
0.036331	11.404101926584842	-4.372117754939849	-1.4313331015187147
0.037678	11.56788083485631	-5.362227755583823	-1.3823986365095278
0.039041	11.773328888683714	-6.322237990931559	-1.33754204358444
0.040389	12.029115337450254	-7.292657815954321	-1.2886075785752529
0.041813	12.327385509472514	-8.227999175713256	-1.2355952414819673
0.043104	12.690238632606349	-9.18703185191078	-1.1825829043886813
0.04438	13.075234716760667	-10.066375760765919	-1.1336484393794946
0.045661	13.522217005694255	-10.964901318304209	-1.0847139743703074
0.046932	14.003700172341992	-11.82047277354845	-1.0317016372770218
0.048222	14.539804912974658	-12.668843595324512	-0.9827671722678352
0.049505	15.105859948158962	-13.470972171013209	-0.9297548351745493
0.050802	15.698578399526529	-14.226056624742213	-0.8808203701653626
0.05207	16.356110601734137	-14.98420749840116	-0.831885905156176
0.053309	17.049940606471754	-15.709287679274698	-0.7829514401469889
0.054575	17.746734847022488	-16.36954935557442	-0.7340169751378023
0.055849	18.508094229240687	-17.023363729290786	-0.6850825101286157
0.057177	19.28206691848614	-17.627346205109454	-0.6402259172035276
0.05851	20.084656887356303	-18.192746856561914	-0.5872135801102418
0.059807	20.89655997446555	-18.704880698440448	-0.5382791151010552
0.061101	21.77054135686716	-19.198133055135454	-0.4893446500918681
0.062394	22.66760394639988	-19.648044218178402	-0.4404101850826814
0.063659	23.566450577498273	-20.04289012300325	-0.3873978479893957
0.064961	24.504643144972206	-20.39917098202667	-0.338463382980209
0.066322	25.480533742624193	-20.71388292078498	-0.2854510458869228
0.067643	26.450113953708264	-20.972833801154152	-0.23651658087773614
0.069021	27.431200093021832	-21.18404774817616	-0.1875821158685499
0.070284	28.3783892841068	-21.339933383006937	-0.13864765085936237
0.071572	29.37541888986125	-21.454271956633395	-0.08971318585017611
0.072936	30.355206143527802	-21.51628399051747	-0.03670084875689038
0.074234	31.336853855646332	-21.53029556024866	0.00815574416819724
0.075524	32.31801185943525	-21.49627312067087	0.06116808126148297
0.076815	33.2959887436614	-21.410309356716503	0.1141804183547687
0.078132	34.26859002650614	-21.276610817447573	0.15903701127985714
0.079403	35.276371518071	-21.087448114353514	0.21204934837314288
0.080753	36.209578219089494	-20.86251935223322	0.2609838133823291
0.082093	37.19287608699842	-20.571776569092638	0.3139961504756157
0.083484	38.09834643970123	-20.253042926012665	0.36293061548480193
0.084846	39.02754186193273	-19.873916019194088	0.411865080493989
0.086209	39.91645963853438	-19.45719819951815	0.46487741758727474
0.087607	40.78392960809432	-18.99749785504846	0.5097340105123623
0.088912	41.62991332302325	-18.499361218302155	0.5545906034374508
0.090186	42.45051802884766	-17.96043963627679	0.6076029405307366
0.091451	43.2414138158094	-17.378793344308846	0.6606152776240224
0.092744	44.002911667196145	-16.759156695031823	0.70547187054911
0.094128	44.76564522504615	-16.073851228314943	0.7584842076423949
0.096047	45.49394407689472	-15.3520570433989	0.8033408005674834
0.09745	46.156612662365404	-14.627696014198566	0.8563531376607691
0.098742	46.76762669210986	-13.887338296395715	0.9052876026699562
0.100072	47.36778875742767	-13.083008240061087	0.9542220676791433
0.101332	47.914050459661475	-12.267271329368368	1.0072344047724282
0.102579	48.42923952479707	-11.406038740961197	1.0561688697816154
0.103821	48.88964720261535	-10.538943979703895	1.1091812068749012
0.10512	49.31451346594988	-9.629752029426088	1.1581156718840884
0.106407	49.684286175992604	-8.720303461500697	1.2111280089773742
0.107755	50.00913062877342	-7.7938561417402	1.2559846019024619
0.10942	50.28826911286624	-6.852628081442248	1.3089969389957476
0.110864	50.52421752627612	-5.877195003071843	1.3579314040049348
0.112208	50.710050238044694	-4.913195647247042	1.4027879969300225
0.113591	50.84850652990617	-3.941260253284131	1.4558003340233083
0.114933	50.93526787810923	-2.9633538041531975	1.5088126711165941
0.116392	50.97290919045472	-1.9604956507861708	1.5577471361257804
0.117677	50.994188111704325	-0.9571569484128106	1.5414356477893858
0.119074	51.04500909455547	0.023274478305003732	1.4965790548642974
0.120384	51.13958573589299	0.9785351515079231	1.4476445898551102
0.121749	51.29246990067306	1.9924545246052552	1.3946322527618253
0.123132	51.48615847700132	2.954906232585354	1.3497756598367376
0.12469	51.73402201075985	3.9273798891964367	1.2926854506593524
0.126334	52.02465394267171	4.865122729716728	1.247828857734264
0.127896	52.360807605708004	5.787526800404394	1.194816520640979
0.129305	52.7520271379779	6.711695952529876	1.145882055631792
0.130611	53.16902938888902	7.576321199437366	1.0969475906226047
0.131876	53.64867992779386	8.457840742441434	1.0480131256134184
0.133227	54.18401210606004	9.332383778486745	0.9950007885201319
0.134854	54.75088477338307	10.160512224569764	0.9460663235109448
0.136136	55.35758671601582	10.9599208165773	0.8971318585017594
0.137403	55.9746185259188	11.695270692774088	0.8481973934925723
0.138795	56.65652961842722	12.431571314859777	0.7992629284833852
0.140172	57.376497482138625	13.130704792382247	0.7421727193060008
0.141457	58.1324992594936	13.790706805110938	0.6932382542968137
0.142863	58.919880020750675	14.412938981209244	0.6443037892876267
0.144185	59.701238404265936	14.970564995097766	0.5953693242784396
0.145514	60.54565130737911	15.512882423570964	0.5464348592692525
0.146859	61.41558082756342	16.01324626527188	0.4975003942600654
0.1482	62.29043346243611	16.458736357249467	0.4444880571667805
0.149545	63.20676842188716	16.867969281459697	0.39555359215759345
0.1509	64.1209646574915	17.22584327828083	0.35069699923250586
0.152471	65.05157193690916	17.538571029349953	0.2976846621392193
0.153987	66.01791176786803	17.80936370885256	0.24875019713003385
0.155312	66.99634064682746	18.032563782750362	0.19981573212084675
0.15664	67.96338123103139	18.201859569161027	0.14680339502756018
0.158094	68.98135174918202	18.324912757493106	0.09379105793427527
0.159424	69.98250557359509	18.394427964699172	0.04485659292508817
0.160816	70.96408798656434	18.412442440638287	-0.00815574416819674
0.162266	71.96711832783865	18.37970899210403	-0.05709020917738383
0.163746	72.96734683500503	18.297951560505915	-0.10602467418657092
0.165195	73.91911659510225	18.173043519854975	-0.15495913919575802
0.166535	74.884744299754	17.995866515695614	-0.20797147628904294
0.167816	75.88302972659778	17.761703603316406	-0.2528280692141306
0.169117	76.80629085322118	17.498917403296563	-0.30176253422331767
0.170442	77.75692451600088	17.1773011982324	-0.35069699923250475
0.171698	78.66965379017591	16.815702211981318	-0.40370933632578965
0.173025	79.56360288801346	16.409889982903263	-0.44856592925087724
0.174405	80.4550944473499	15.949038440862111	-0.5056561384282633
0.175684	81.30107816227883	15.450901804115801	-0.5586684755215482
0.176961	82.14104002882331	14.901715672716904	-0.599447196362538
0.178269	82.93665321801875	14.326538997275216	-0.6524595334558229
0.179573	83.68492091444541	13.725237783789728	-0.7013939984650099
0.180918	84.4355148008785	13.059092032606788	-0.750328463474197
0.1823	85.15262570942117	12.357028439319894	-0.7992629284833841
0.183709	85.80488849355967	11.652740887759663	-0.8481973934925712
0.184931	86.43440903594123	10.899393397212632	-0.9012097305858577
0.186158	87.02632606387247	10.116154744668643	-0.9460663235109453
0.18741	87.57922246638852	9.304900084972493	-0.9990786606042302
0.18866	88.10141831221163	8.44789784298308	-1.0480131256134173
0.190089	88.56021447985974	7.604705236631365	-1.0969475906226045
0.19153	89.00753088959472	6.682038399379493	-1.1418041835476922
0.192906	89.39875042186462	5.757869247254003	-1.1988943927250766
0.194107	89.73113985456305	4.834102058063851	-1.2519067298183615
0.19538	90.02236129302327	3.8737211867680053	-1.3008411948275487
0.196679	90.26625715373218	2.9002448628140725	-1.3497756598367359
0.198028	90.45372237805712	1.9587967843075538	-1.398710124845923
0.199299	90.60133004735059	0.9661471380901396	-1.4476445898551102
0.200545	90.70020562693072	-0.03253447480381899	-1.4965790548642957
0.202015	90.75011239837018	-1.0348571066615935	-1.5455135198734828
0.203293	90.74891136620272	-2.0166040762599766	-1.5985258569667695
0.204546	90.69655234050455	-3.0188016000035462	-1.6474603219759567
0.205814	90.59523356179726	-4.017238302679828	-1.6963947869851421
0.207139	90.44519759778119	-5.009523822916605	-1.7453292519943293
0.208452	90.24279366868231	-5.9924653235437475	-1.8024194611717153
0.209745	89.9960535709843	-6.942701020085321	-1.847276054096803
0.211005	89.69466628468167	-7.899940304603545	-1.9043662632741873
0.212292	89.35250150611259	-8.820131490771203	-1.949222856199275
0.21353	88.96573522199806	-9.72248419136345	-2.0022351932925617
0.214798	88.52388989061147	-10.623546923531238	-2.051169658301749
0.216085	88.03849804362464	-11.501918199842414	-2.100104123310936
0.217373	87.54676986155525	-12.300831311082474	-2.1449607162360222
0.218648	86.96722888204864	-13.146726290412115	-2.1979730533293087
0.220002	86.34368018710951	-13.960724501726046	-2.250985390422595
0.221265	85.70925779148558	-14.709948619547053	-2.2958419833476826
0.222511	85.00915497205949	-15.459122901816679	-2.348854320440969
0.22386	84.28464090227246	-16.15354403257986	-2.4059445296183504
0.22517	83.49129283136726	-16.83708009572734	-2.4548789946275393
0.226479	82.73427877506887	-17.427332087186468	-2.5038134596367247
0.22775	81.91361785499919	-18.00496259057093	-2.552747924645912
0.229024	81.06568454863769	-18.541759062366964	-2.601682389655099
0.230297	80.2105060632494	-19.02393985099595	-2.6546947267483842
0.23169	79.31234535182267	-19.47165480564816	-2.7036291917575714
0.232984	78.43331572834244	-19.857367932076315	-2.7525636567667586
0.234298	77.47457930479224	-20.22100309696106	-2.805575993860045
0.235608	76.54070870707278	-20.523846722465976	-2.8504325867851326
0.236883	75.55102836693537	-20.792060978850802	-2.903444923878419
0.23814	74.6129289371843	-20.99562216069914	-2.9523793888876044
0.23947	73.60109084665359	-21.161723760732794	-3.005391725980891
0.240743	72.60378447066653	-21.27362253903423	-3.054326190990078
0.242056	71.62384842359077	-21.333237121440085	-3.1073385280833645
0.243338	70.55484145629161	-21.337160485358073	3.114678697834741
0.245109	69.50881529321407	-21.287643040054157	3.073899976993751
0.246574	68.53142010011419	-21.19530024770346	3.0208876399004647
0.248087	67.55971184185807	-21.055258769452355	2.9760310469753786
0.249639	66.5960168891404	-20.8678538791737	2.923018709882092
0.25099	65.62194673394326	-20.626340573279318	2.874084244872905
0.252366	64.70264274469642	-20.350029389630034	2.825149779863716
0.253757	63.7568327822267	-20.014492716428965	2.7762153148545288
0.255149	62.828567758979226	-19.633093462647402	2.727280849845345
0.256466	61.95956993893406	-19.22528163887133	2.678346384836155
0.257858	61.054723208100825	-18.74293481688228	2.6253340477428715
0.259289	60.23174042347335	-18.248802212147865	2.576399582733681
0.26064	59.397648386490204	-17.690741446629342	2.527465117724494
0.26204	58.61056441357892	-17.103947296709567	2.474452780631214
0.263567	57.837597058775124	-16.46389822626463	2.425518315622027
0.265071	57.09686294655378	-15.78680567781836	2.37658385061284
0.266648	56.40692173882968	-15.088371941034337	2.3235715135195534
0.268118	55.73894148789017	-14.339410173969688	2.274637048510366
0.26964	55.10839626228223	-13.55867074071886	2.225702583501179
0.271091	54.47997496760329	-12.693871362069315	2.1726902464078925
0.272916	53.945746992050005	-11.870203331288641	2.119677909314606
0.274334	53.44325617339145	-11.001500665623539	2.070743444305419
0.275766	52.983859399204064	-10.109258575136863	2.0218089792962317
0.277023	52.579505873369	-9.214648726689715	1.9687966422029453
0.27823	52.229220147995875	-8.320910730711791	1.9198621771937614
0.279456	51.90915499508778	-7.369753728916753	1.8709277121845742
0.280774	51.64001135302674	-6.425619069701238	1.8260711192594865
0.282052	51.41737217799333	-5.469449444302943	1.7730587821662
0.283312	51.24177049134232	-4.503534022312384	1.7282021892411124
0.284638	51.108750637798494	-3.5088244854459765	1.6792677242319252
0.286012	51.00445797596652	-2.532632088691179	1.6751898521478257
0.287379	50.880284432421725	-1.5587689125327384	1.7200464450729134
0.288751	50.70279406289027	-0.5710247589720132	1.7771366542502993
0.290061	50.480154887856855	0.38514486642628176	1.821993247175387
0.291314	50.21101124579582	1.3292795256418146	1.8750055842686704
0.292591	49.88707006823688	2.279123437898738	1.9239400492778576
0.293823	49.526960359660045	3.1924413193521683	1.9687966422029453
0.295061	49.12260683382498	4.087051167799316	2.0218089792962317
0.296304	48.67497755515307	4.960811194162147	2.0666655722213227
0.297574	48.185144194721666	5.811629526006448	2.119677909314606
0.298816	47.654279464571914	6.6374692157023025	2.164534502239697
0.300154	47.06930989439462	7.452915072970827	2.2216247114170766
0.301604	46.441953658176544	8.236219290403682	2.270559176426264
0.302859	45.78998996194186	8.970230117017222	2.3235715135195503
0.304125	45.11677459825671	9.654517168592106	2.3725059785287375
0.305402	44.36134970308122	10.347870823469366	2.425518315622024
0.306741	43.621989624573246	10.960091673460173	2.474452780631211
0.308054	42.81863959147609	11.561564921820072	2.5233872456403983
0.309566	41.986830183668395	12.12302235854383	2.5723217106495855
0.310947	41.16586924570864	12.620506864030236	2.621256175658769
0.312249	40.28317877033693	13.097999135023052	2.6701906406679563
0.313541	39.417535823363245	13.512884641168451	2.7191251056771466
0.314827	38.492412232514155	13.90184181853415	2.768059570686334
0.316085	37.590372072096685	14.230157587038818	2.816994035695521
0.317343	36.63166943181914	14.526857084333097	2.865928500704708
0.318574	35.68023770769171	14.768944318853595	2.9189408377979946
0.319862	34.718103214838486	14.964202538798238	2.963797430723082
0.321133	33.70443456729785	15.118740352862439	3.0168097678163655
0.322444	32.72782499614781	15.219051370861497	3.061666360741453
0.323705	31.747477770270585	15.271471514973312	3.1146786978347394
0.324937	30.76573014765139	15.271871859117894	-3.1154942722515604
0.326255	29.785138145212148	15.224249600182851	-3.070637679326473
0.327565	28.78613928559051	15.128632537665363	-3.0217032143172857
0.32888	27.83619276934889	14.990540861105234	-2.9727687493080985
0.330157	26.851317469049395	14.797766415107372	-2.9238342842989113
0.33145	25.919410091987586	14.567513650883805	-2.8748998192897277
0.332714	24.937788095923484	14.271161968206464	-2.8218874821964413
0.333984	24.014292302248226	13.938019245251295	-2.768875145103155
0.33529	23.109746261958854	13.556410786499795	-2.7158628080098683
0.336626	22.185625057791643	13.112106765596186	-2.671006215084781
0.337904	21.322695598719736	12.643938736508613	-2.6179938779914944
0.339187	20.485785462754254	12.130703917822164	-2.564981540898208
0.340501	19.658119618884662	11.563156038730504	-2.5160470758890208
0.341855	18.875363979162135	10.970600418323027	-2.4711904829639364
0.343122	18.122530159956323	10.340465674435764	-2.41817814587065
0.34443	17.38678593193002	9.657954300833985	-2.3692436808614628
0.34567	16.715806494710357	8.971474665532861	-2.3203092158522756
0.346912	16.063244374920792	8.237995807889627	-2.275452622927188
0.34813	15.447341478606981	7.473474927137417	-2.2224402858339016
0.349498	14.858388587451705	6.660901338980844	-2.1735058208247144
0.350815	14.309887690035076	5.820491849682349	-2.1245713558155273
0.352063	13.825183943084998	4.991920807135381	-2.0756368908063436
0.353337	13.361426547692002	4.1019374239263975	-2.0267024257971564
0.35476	12.945478654023011	3.188630961712242	-1.9696122166197705
0.355999	12.584624186595784	2.275607080243806	-1.9247556236946828
0.357294	12.268862187069391	1.3460249620589897	-1.8717432866013963
0.358561	11.99491846594814	0.3805736780326816	-1.8228088215922091
0.359853	11.77837073772995	-0.5546133493892785	-1.773874356583022
0.361121	11.60198133366104	-1.5203852339076107	-1.7290177636579342
