0.005147        -530.6824653892007      -788.9880023940441      33.37330513626542
0.005484        930.8437001331041       -194.05141822675753     33.37330513626542
0.008163        -784.1842448548022      -32.99285732724314      27.585265416016632
0.007438        -673.5248748758396      -403.0284712962875      27.589343288100743
0.009334        -382.8559827975275      -718.1942264755738      28.664792744991857
0.008481        451.0111700339204       -677.4428876306432      28.668158894132517
0.010402        411.3696177466026       -696.3555334740998      28.553859252030936
0.009448        330.56485669483584      -738.1770735066284      28.557349620258858
0.011454        366.0836137080236       -722.1870934211969      28.646622496573787
0.010419        431.59742535930945      -685.0457229673463      28.654169056565145
0.012509        454.8428917412504       -669.6820403790654      28.707911825750603
0.01143 492.36005542478654      -642.6032708961011      28.714750446728324
0.013542        516.9614098562594       -623.01249566758        28.77877226152785
0.01246 556.5947282025732       -587.8438805237736      28.781656569088383
0.014595        575.1070802505337       -569.7709686065765      28.83980647990454
0.013449        609.2953841795457       -533.0595181597376      28.847458817436998
0.015663        629.7554737777699       -508.72025550435217     28.910711440915946
0.014429        661.2751032886849       -466.97653766700955     28.913453728145903
0.01674 675.844398641674        -445.6707351303001      28.971737888173262
0.015438        702.2125764997957       -402.85469701543985     28.979415012929486
0.017765        717.4919173041042       -374.9579160379481      29.042644205500906
0.016515        740.1795985581024       -327.85030095050485     29.045382166544172
0.0188  751.508906985626        -301.03562385814627     29.111826160204558
0.018155        770.2705164455292       -249.08322083552983     29.115426167938693
0.020462        778.4006069007905       -222.3628950334383      29.177231200876992
0.019757        791.3005957863527       -170.88354000051353     29.184758625164605
0.022117        797.3392045214936       -140.0325664350577      29.24737330948761
0.021356        804.4793112081824       -90.39403886441627      29.24605952610751
0.023756        806.82350993229 -66.28479904213883      29.30853289960595
0.02293 809.4470322958311       -12.389780555789512     29.316917942230532
0.025411        809.3758789325034       16.392838593625765      29.371260234952373
0.024527        807.0842998169263       63.03129910924034       29.377952513103367
0.027049        804.4232468396361       90.89139520940324       29.433713947138138
0.02613 797.6287762565859       138.3703210858352       29.44070166842443
0.028847        791.657237812525        169.22419838377377      29.504371159742796
0.027724        778.9508967402979       220.3592264858491       29.507229444390312
0.030686        771.0507726731448       246.726650089074        29.56951871933835
0.029293        753.6524218473022       295.5878933854069       29.573097726641876
0.03231 742.8905633690483       321.6604677814719       29.635627894790414
0.030835        719.9523166653472       370.16968592964577      29.643158984344623
