0.0053  -926.2125105443619      -215.26567769485004     31.872648209317
0.005463        -736.3446637147233      -601.6688980670048      31.872648209317
0.008289        382.65536855511533      685.3459831990422       26.342444660165242
0.007397        -192.55050839939628     760.9523963338621       26.350600404333434
0.009465        -566.1203201510151      584.7901687009648       27.376971087976656
0.008472        -793.1902836141588      -182.44291883495293     27.379625514173917
0.010552        -796.936787814636       -138.26782934196143     27.265735989764302
0.009524        -807.3049493932036      -49.91106882332794      27.27342844916358
0.011615        -804.0657650380895      -95.41774822013213      27.370785490606224
0.01057 -790.7663721960517      -174.2099313221996      27.37352077524939
0.012729        -785.2350121171038      -196.94621531095368     27.42585259144732
0.011576        -772.9361868209894      -240.71873581166625     27.433530938385502
0.013817        -762.7709551771678      -271.3023587456608      27.497799010937253
0.012639        -743.9868135369778      -319.2321482563923      27.496458886585415
0.014872        -735.5416594544629      -338.22406887597737     27.550487945231612
0.013667        -714.6135692993403      -380.45278031403893     27.558877585223087
0.015875        -698.675139258311       -408.9882675271524      27.622849433085577
0.014716        -670.4897378660103      -453.68113506152304     27.625463036760586
0.016942        -654.8428785285081      -476.0611891628336      27.687699540536528
0.015741        -623.0167514179407      -516.9858930190788      27.691321252725885
0.01805 -604.5971875322955      -538.3997042148737      27.75386063118148
0.016731        -568.7917958664269      -576.1321973506579      27.757306395242928
0.019106        -547.2389508012981      -596.6144197191508      27.823870784178816
0.017748        -505.2551872166062      -632.585727036509       27.827347256981717
0.020838        -484.53259987847633     -648.572379999731       27.885053404896315
0.019573        -443.7659530298905      -677.1150693881094      27.89260239009684
0.022679        -419.7073841601596      -692.2888880362057      27.947776720644903
0.021727        -379.9156721142417      -714.9254934090714      27.950537046259644
0.02377 -356.3961612768459      -726.9112260666165      28.010231134382877
0.022978        -309.5252765564394      -748.0681399055032      28.017905110847018
0.024844        -279.99826303893406     -759.6177550338608      28.08088822454354
0.024094        -228.98662016337707     -776.520695882857       28.08770460715155
0.025959        -200.90892140735335     -784.2761568596887      28.146035805509594
0.025207        -153.69350758242408     -794.8561336736949      28.148923994397848
0.02707 -126.18543320002206     -799.6807058234646      28.2121449772318
0.026318        -72.32638046523599      -806.3417937615131      28.21979663734481
0.028205        -40.965113505199035     -808.5425750001532      28.282164191790596
0.027417        10.61895975378178       -809.5311710624268      28.284906597252547
0.02931 34.834014851943024      -808.85096815994        28.339267358883163
0.028462        80.17807112693811       -805.5951047032964      28.342866590919893
