0.005381        -633.9456938728982      -464.2322322832383      32.68006688196859
0.007333        -374.6431545779979      530.2152844814162       26.976319213345505
0.008448        -669.2242661753029      -80.34244639660102      27.967733106465648
0.009515        -348.51770923148337     -573.0427245574824      27.794698739616013
0.010593        -435.3332889022062      -512.3036389252342      27.82489893382232
0.012257        -421.5035501928191      -524.6741665299464      27.81962800558591
0.013954        -423.4935653565337      -524.1686813409059      27.824625828193618
0.015694        -422.6914558591329      -525.8842932774905      27.819675671510176
0.01735 -425.6038736101394      -524.6356557919648      27.82053963683633
0.019077        -425.7273829200999      -525.6345677068045      27.82038884644067
0.020729        -425.25010667139344     -527.0911615620049      27.824493036413614
0.022421        -423.8090094150987      -529.3504176668799      27.82377672013206
0.024069        -425.75458889689105     -528.855343456995       27.819823868823956
0.02572 -427.1094294837859      -528.8374979610562      27.82459164360975
0.027429        -425.33995286086554     -531.3606274528973      27.823759509929687
0.029152        -427.34706935568084     -530.8163887358833      27.819826872570925
0.030835        -428.69518906427993     -530.803927776547       27.824591119357002
0.032498        -426.918857896049       -533.3325688878577      27.823759601429057
0.034162        -428.93118707487633     -532.7841443016921      27.81982685660128
0.03584 -431.38153748758134     -531.9077021150365      27.82051325006013
0.037668        -430.4845535785856      -533.7031742971327      27.82447132388602
0.039373        -430.1682930483881      -535.0319376767939      27.819702637598915
0.04102 -431.95759049309675     -534.7193272687866      27.824612802450062
0.042675        -430.06077924924296     -537.2794399014418      27.823755817015396
0.044326        -431.0206097475657      -537.6160582848086      27.823905389190152
0.045988        -431.4806691450459      -538.3404699883544      27.82387928392099
0.047665        -432.0007548486514      -538.9630435490408      27.82388384014995
0.049331        -432.53763433877083     -539.6374515912728      27.823883044938
0.050977        -433.07158588689765     -540.3028102685987      27.823883183728665
0.052722        -434.6944691958819      -540.0675346467531      27.819805287421016
0.05444 -437.2421939081502      -539.1123906057487      27.820517014592255
0.056095        -436.31350535126904     -540.9335554620943      27.824470666851205
0.057729        -435.9880425569335      -542.2697221512808      27.819702752273145
0.059484        -437.79368891376316     -541.9439363848136      27.824612782435647
0.061155        -435.86450763616324     -544.5300782268273      27.823755820508577
0.062787        -436.8299961383712      -544.8621640999656      27.823905388580496
0.064423        -437.28906828529114     -545.5873671918881      27.82387928402738
0.066025        -438.9357817397469      -545.3329979332259      27.819805968047287
0.067675        -440.3762511827859      -545.2459591281037      27.82459476788466
0.069314        -439.6271798113395      -546.9228286926085      27.819681092556735
